0437 -1.65 $\pm$ 0.02 
0613 -1.83 $\pm$ 0.03 
0711 -1.83 $\pm$ 0.05 
1017 -1.64 $\pm$ 0.04 
1022 -1.91 $\pm$ 0.06 
1024 -1.62 $\pm$ 0.05 
1045 -2.04 $\pm$ 0.03 
1446 -1.93 $\pm$ 0.09 
1545 -1.13 $\pm$ 0.06 
1600 -1.19 $\pm$ 0.05 
1603 -2.03 $\pm$ 0.05 
1643 -1.66 $\pm$ 0.02 
1713 -1.21 $\pm$ 0.10 
1730 -1.22 $\pm$ 0.07 
1744 -1.58 $\pm$ 0.05 
1824 -2.35 $\pm$ 0.03 
1832 -1.60 $\pm$ 0.07 
1857 -1.63 $\pm$ 0.07 
1909 -1.29 $\pm$ 0.03 
1939 -2.54 $\pm$ 0.02 
2124 -2.25 $\pm$ 0.03 
2129 -2.52 $\pm$ 0.05 
2145 -1.94 $\pm$ 0.04 
2241 -2.93 $\pm$ 0.07 
